time,x,y,z,phi,theta,psi,x_velocity,y_velocity,z_velocity,phi_velocity,theta_velocity,psi_velocity,rotor_speed1,rotor_speed2,rotor_speed3,rotor_speed4
0.06,1.20159831643e-07,-1.17641968977e-07,10.0094057011,6.28299814327,6.28296395035,0.0,1.71002612398e-05,-1.52609282975e-05,0.313490011519,-0.0102309429742,-0.0123366412339,0.0,500.652224334665,499.7540534372787,500.32182093371244,499.5765812000783
0.12000000000000001,8.72095113694e-06,-7.54675493607e-06,10.0326745298,6.28192749526,6.2817066313,0.0,0.000365713764963,-0.000315770722997,0.462088541819,-0.0409142196029,-0.0500282590143,0.0,454.4013036879641,451.36996944972975,452.7112900987325,450.2359942341528
0.18,7.70552209811e-05,-6.53612569783e-05,10.0656599529,6.27978446359,6.27891679812,0.0,0.00223868370472,-0.00186952696668,0.63734242273,-0.0269502174013,-0.0402362708322,0.0,459.934859387749,460.708381503022,459.94481719967837,461.0486835515216
0.23999999999999996,0.000310614397887,-0.000255475856394,10.1072815821,6.27796415814,6.27614176193,0.0,0.00581158787423,-0.00464480947785,0.749975497145,-0.0381607867652,-0.0623492145958,0.0,441.9717599122882,440.1442928570306,442.0665141239979,441.1415835573761
0.3,0.000815020737439,-0.000647941639203,10.154761641,6.27549383967,6.27251298432,0.0,0.0113676936127,-0.00867289901386,0.832631638432,-0.0479991270648,-0.0569821090318,0.0,431.9104660943533,432.3601014303419,432.2079251564588,431.3770802424724
0.36000000000000004,0.00179316546992,-0.00138376085707,10.2132440467,6.27233289586,6.26901774896,0.0,0.0216810745876,-0.0162399131576,1.11653974644,-0.0642439873822,-0.0609260688708,0.0,492.4572351861623,492.16345195840444,493.4104558063057,492.20825931773254
0.4200000000000001,0.00349706141212,-0.00266999961841,10.2897409594,6.26788364203,6.26489005748,0.0,0.0356203563978,-0.0271384751333,1.43300150453,-0.130230366107,-0.0932019719866,0.0,502.69409625954995,500.3466928082234,505.22942341882913,500.44425915925154
0.48000000000000015,0.00602068852467,-0.00463266565904,10.3780467192,6.26041069502,6.2592812968,0.0,0.0490511759515,-0.0390339941839,1.51039924376,-0.115103755096,-0.0940395211281,0.0,432.4046487216048,432.32642953866025,430.60023719047194,431.8630923562107
0.5400000000000001,0.00950873757688,-0.0075002344361,10.4728533398,6.25327308779,6.2531689483,0.0,0.0678368090926,-0.0573020154343,1.64959438871,-0.128064239523,-0.126070080555,0.0,453.41418702210234,450.82429310657466,451.4953097965692,450.43588724055604
0.6000000000000002,0.0143023072023,-0.0116586480296,10.5771981994,6.24650046412,6.2460818186,0.0,0.0927691662833,-0.0821120040754,1.82824358392,-0.0928553641992,-0.105690535114,0.0,462.81252756349215,464.40147709450224,463.10100675210856,465.85049021642493
0.6600000000000003,0.0208640909556,-0.0175657404334,10.6952131791,6.24075590525,6.2395878291,0.0,0.126761017459,-0.115496163162,2.10505711779,-0.102247598687,-0.113871397661,0.0,493.71323863276695,493.100237238523,493.5122016503118,492.81164289355775
0.7200000000000003,0.029245131347,-0.0252481214108,10.8211206314,6.23436867111,6.23303230069,0.0,0.153177722037,-0.141115281186,2.09182733216,-0.116566915449,-0.101348027089,0.0,404.0620700079166,405.1775350832452,404.6844461069683,403.38216652003314
0.7800000000000004,0.0396717670123,-0.0349220553834,10.9530431094,6.22759928451,6.22752953977,0.0,0.195038008798,-0.182142888978,2.30509730286,-0.10623188863,-0.0772807366935,0.0,476.17651787155614,478.00723893447315,474.93506603029056,475.7165721848206
0.8400000000000004,0.0525064884755,-0.0469869346732,11.0936878973,6.22142393812,6.22332606029,0.0,0.233209843927,-0.220627702964,2.38283250181,-0.0970163520935,-0.058544623282,0.0,434.7294361528312,436.2924904227379,435.55175283374365,436.31229722077165
0.9000000000000005,0.0676164686674,-0.0613839949326,11.2374239861,6.21514132438,6.22038570348,0.0,0.270740859302,-0.259812905111,2.40825312468,-0.128165539322,-0.0346802569984,0.0,417.89769462376836,419.97084160653446,420.6495174330159,417.93244653672264
0.9600000000000005,0.0851577974442,-0.0783966163152,11.3847179946,6.20716396856,6.21809978453,0.0,0.314174722106,-0.308047869082,2.50126262483,-0.14484201944,-0.0460016585166,0.0,441.50290785711,440.56710837609535,442.39080714606837,440.99890439936667
1.0200000000000005,0.105282830696,-0.0983859966198,11.5364943732,6.19833718833,6.21496095918,0.0,0.356926521176,-0.359089755644,2.55772177142,-0.152086408972,-0.0695547266968,0.0,431.8604018668779,429.8671044268715,429.9797582704955,429.3444385718039
1.0800000000000005,0.128445512423,-0.122117567199,11.6975050977,6.18997970337,6.21053344313,0.0,0.415652489165,-0.432984434071,2.80855770804,-0.121514094797,-0.0839997445936,0.0,491.0351561041856,489.95865645422487,488.3682941659641,490.6265316329914
1.1400000000000006,0.155009698359,-0.150182070001,11.8703362678,6.18236514827,6.20581306817,0.0,0.470318262545,-0.503264759417,2.95197092176,-0.140778911235,-0.06972350757,0.0,457.8888988028038,459.018388794545,461.82838393506603,460.2920101250481
1.2000000000000006,0.184735322043,-0.18234930431,12.0489665717,6.1739602008,6.20118394161,0.0,0.520931652311,-0.569755888037,3.00208991903,-0.138726249159,-0.0992741003664,0.0,431.9810887202527,429.47657444753895,432.0505279775333,432.2047118527327
1.2600000000000007,0.217757699798,-0.218884733466,12.2325536608,6.16652898129,6.19562221711,0.0,0.580382236864,-0.648860933144,3.11698307678,-0.104115196322,-0.0820257505395,0.0,451.2408828600125,452.62389209324715,452.0804783968257,454.8463247138211
1.3200000000000007,0.254568465454,-0.260458641364,12.4242103397,6.16039737123,6.19052340826,0.0,0.647149283556,-0.737558485346,3.2709549273,-0.0986060324066,-0.0916578167765,0.0,466.01312464145735,465.2539747627793,465.59958909904054,466.0218660003332
1.3800000000000008,0.295051932537,-0.306898977116,12.6203338868,6.15457305078,6.18500353027,0.0,0.70277127579,-0.810957191995,3.26634706306,-0.0941702266893,-0.0926865834214,0.0,416.3614061884558,416.26363293549156,416.05676763951874,416.43620406110773
1.4400000000000008,0.338824457396,-0.35765630115,12.8147148833,6.14931301924,6.17922935517,0.0,0.756769411429,-0.88140074304,3.21301594597,-0.0770979708939,-0.104490612211,0.0,400.05747568583337,398.9720128339709,399.1953562824928,400.74279383466853
1.5000000000000009,0.386394442228,-0.413312460984,13.0102260102,6.14429331456,6.17282509254,0.0,0.829497214648,-0.974241518758,3.30355214156,-0.101907526735,-0.11165561109,0.0,448.83724966496607,448.2454373974784,448.15783721639605,446.1306556936125
1.560000000000001,0.438921250145,-0.475221045913,13.2152161922,6.13877139781,6.16572048152,0.0,0.922133451288,-1.08996246319,3.52848091423,-0.0773276155634,-0.137445075109,0.0,490.58079656069594,488.65042091775274,488.53868279577375,490.3614652064803
1.620000000000001,0.496725427606,-0.543642280653,13.4298408112,6.13452999919,6.15738555641,0.0,1.00546564136,-1.19113489523,3.62509427351,-0.0599403206065,-0.142027602894,0.0,453.3828514428846,452.9969807207281,451.78546897651125,453.1814347858788
1.680000000000001,0.559692446882,-0.618207149733,13.6501557278,6.1306940149,6.14919668312,0.0,1.09422320995,-1.29467460867,3.71815094353,-0.0734308807096,-0.127225460715,0.0,452.0848280479536,453.25900296188723,453.7740229856142,452.6867289649283
1.740000000000001,0.628822104431,-0.699820824287,13.8808999824,6.12614650165,6.14115966855,0.0,1.21092883708,-1.42618141038,3.972079193,-0.0809867650981,-0.152854651858,0.0,502.84327309301113,500.9683290392813,502.84296184223484,502.29145476711886
1.8000000000000012,0.704712018343,-0.788949402966,14.1237392125,6.12108044494,6.13183939776,0.0,1.31964362116,-1.54519960676,4.12161888239,-0.092412110225,-0.160827040005,0.0,474.3997137378986,473.7658765945268,474.7548424048397,473.8719071775888
1.8600000000000012,0.787125021204,-0.885113317465,14.3741659277,6.11617882017,6.12192736196,0.0,1.42837022842,-1.66070039243,4.22512428454,-0.0660567976582,-0.175802861181,0.0,463.5619391681296,462.3584190478257,460.1748845227432,462.2511551496983
1.9200000000000013,0.876614723931,-0.988651620359,14.6328098042,6.11268517851,6.1115218583,0.0,1.55565465875,-1.79084197066,4.39519548222,-0.0459449667053,-0.169055385048,0.0,483.0322326567017,483.51456505124565,483.9939130887346,485.5031911321789
1.9800000000000013,0.973141234817,-1.09926187454,14.8969042892,6.10987794897,6.10172545262,0.0,1.66273655105,-1.89638238437,4.40750909396,-0.0485265211871,-0.153690804579,0.0,436.1469564877185,437.40236978504527,437.338805307942,437.12235448029253
2.0400000000000014,1.07690956748,-1.21685838561,15.1651196514,6.10751586414,6.09247434771,0.0,1.7970393813,-2.02365389882,4.53202485341,-0.0254810675168,-0.155191116956,0.0,473.7971821374989,473.6609612511749,472.56164608589444,474.334154334835
2.1000000000000014,1.18815063534,-1.34143530841,15.4368034602,6.1065710674,6.08271772279,0.0,1.91176601516,-2.12900106266,4.52374049759,-0.00119417044976,-0.184657442594,0.0,434.94425190227605,432.4421324341495,431.7393042353266,433.78393456242156
2.1600000000000015,1.30639288043,-1.47230055193,15.7076805543,6.10713450526,6.07132867607,0.0,2.03055197319,-2.23314447213,4.50515313429,0.0248905447253,-0.202887275351,0.0,431.86451032414845,430.28712548741265,429.03024832825076,431.2395765359281
2.2200000000000015,1.43210690739,-1.60952429649,15.9780719911,6.10862501322,6.05937524724,0.0,2.16090853495,-2.34082938568,4.50742920768,0.0247441423586,-0.192762536824,0.0,437.56941153468176,438.372016705158,438.80415920120186,438.79210719967483
2.2800000000000016,1.56624539213,-1.75348579951,16.2502478062,6.10971552499,6.04774205663,0.0,2.31135079186,-2.45769257579,4.56433861695,-0.000109291813275,-0.196230924056,0.0,456.62108090674263,456.3086561332324,458.97023326229385,456.9931135443205
2.3400000000000016,1.70945406528,-1.90431980529,16.5250543331,6.1097109652,6.03584018274,0.0,2.46323560021,-2.57005585917,4.59517338336,-9.48249865845e-06,-0.203006887426,0.0,451.1993020577395,450.61388565943355,450.1403533205083,450.14843318820573
2.4000000000000017,1.86263314496,-2.06233260271,16.8041195083,6.109607101,6.02347826156,0.0,2.64376777788,-2.69691143765,4.70581612444,-0.00541833959832,-0.212883749625,0.0,477.74013348515615,476.9476861553351,477.53181094410417,477.1190138302403
2.4600000000000017,2.02588346724,-2.22730699537,17.0860103495,6.10940528009,6.01040071301,0.0,2.79890855146,-2.80223617727,4.68996476455,0.000458104757353,-0.230746876756,0.0,440.10020871147054,438.57082549773094,438.9399066543668,439.42746611068196
2.520000000000002,2.19897125013,-2.39879498872,17.367949954,6.10999886471,5.99633344991,0.0,2.97178028459,-2.91394033125,4.70719744527,0.024103955875,-0.24313091672,0.0,451.96748123584666,450.9139765936489,450.80495686955373,452.71186748630936
2.580000000000002,2.38187079051,-2.57650525424,17.6481576247,6.11143702191,5.98143069966,0.0,3.12595677994,-3.00965795845,4.63270624855,0.0236986122413,-0.261732792405,0.0,422.97092486291405,421.29944835635877,422.4957156010716,422.46085980339114
2.640000000000002,2.57440712161,-2.76003039407,17.9243260441,6.11277864684,5.96582103331,0.0,3.29307396458,-3.10774926791,4.57239850593,0.0195402186675,-0.257196002961,0.0,427.3648610291969,427.6804141527577,429.04392325602,428.6906927689192
2.700000000000002,2.77854462325,-2.95010915768,18.2007674348,6.11431388243,5.95099480853,0.0,3.51266324452,-3.22795679438,4.64101982199,0.0355453223806,-0.232172712007,0.0,471.57470080523467,473.4460582317022,471.5176152443318,472.75275206841184
2.760000000000002,2.99607083039,-3.14734055171,18.4810481444,6.11692563529,5.93745208268,0.0,3.73919012215,-3.34609457464,4.70044327993,0.0560048954063,-0.215210318693,0.0,471.2121127829874,472.47417008366614,471.58255844855216,473.16147235276037
2.820000000000002,3.22851267738,-3.35210334404,18.7677341534,6.1201805442,5.92454870892,0.0,4.00972698341,-3.47878358605,4.85394672806,0.0504829574623,-0.214750370631,0.0,504.8243305189661,504.8179226139517,503.040319727111,502.64180661960347
2.880000000000002,3.47433033451,-3.56342379073,19.0553537707,6.12312220048,5.91143272085,0.0,4.18506160635,-3.5651190443,4.7331878064,0.0459464482437,-0.227674550351,0.0,417.7678338987799,416.58810507554614,417.55872094278965,417.16433084355407
2.940000000000002,3.73214161213,-3.78042555444,19.3389426433,6.12683953984,5.8977089684,0.0,4.40952351212,-3.66797057411,4.71885377814,0.0827042333338,-0.230922201787,0.0,455.0398839324929,454.72905975796544,453.8177859622268,456.761726976004
3.000000000000002,4.0037866669,-4.00359851231,19.6219446064,6.13167518141,5.88359871466,0.0,4.64618013102,-3.770688709,4.71354237184,0.0760020631609,-0.245394253253,0.0,460.8780144204594,459.67909568439865,460.33300567137127,459.8072062320981
3.0600000000000023,4.2890745799,-4.23258986488,19.9027183038,6.13614970751,5.87041155745,0.0,4.86425077088,-3.86205606717,4.64494001863,0.0715593929863,-0.192209737595,0.0,439.11689010864984,443.4560826235415,440.548549510767,440.18536276070427
3.1200000000000023,4.58764168912,-4.46702013087,20.1793530847,6.14061419315,5.85890748431,0.0,5.08861530443,-3.95201252807,4.57564324314,0.0795679821271,-0.190802208998,0.0,441.86678715611635,441.946795429714,441.7283903593785,442.39282211446914
3.1800000000000024,4.90067961793,-4.70706542516,20.4536407443,6.14564431532,5.84771200112,0.0,5.34650337698,-4.04909002493,4.5662957307,0.0912314694777,-0.179286838429,0.0,463.2571173703804,464.1295957825521,463.75802624660076,464.6788318733669
3.2400000000000024,5.2287568593,-4.95269517584,20.72604429,6.15163501633,5.83751011927,0.0,5.58987088428,-4.13818313723,4.51316341777,0.11308198578,-0.156044414212,0.0,450.29575618216876,452.1447897298614,450.2025241222794,451.9756846722824
3.3000000000000025,5.57090694769,-5.20342119581,20.9938635836,6.15869485909,5.82802853844,0.0,5.81556236074,-4.21898310943,4.4138571288,0.125529159465,-0.162312069895,0.0,436.57602177079576,436.0283671552297,435.64653345762395,436.6989593574348
3.3600000000000025,5.92750098608,-5.45912052331,21.2573108301,6.16704678578,5.81832696829,0.0,6.07125208671,-4.30378441122,4.36707276165,0.157823082845,-0.160483862496,0.0,455.6578405393383,455.7798433695202,454.03856380271816,456.63949259089486
3.4200000000000026,6.29849851608,-5.71956173708,21.5158401584,6.17670560252,5.80848726035,0.0,6.29577267036,-4.37709473075,4.25042139895,0.1666390999,-0.172139021015,0.0,432.8613954102997,431.8525387660918,431.3602483405796,432.1296865219121
3.4800000000000026,6.68244255714,-5.98417452776,21.7661518222,6.18645918785,5.79814228285,0.0,6.50288404973,-4.44290067854,4.09338255917,0.152822794891,-0.172975860854,0.0,417.441275351924,417.3375555617089,417.8706144691382,416.6910212981044
3.5400000000000027,7.08064389311,-6.25296085187,22.0103019702,6.19533517332,5.78779231827,0.0,6.7707918828,-4.51603878006,4.04425129984,0.135733977189,-0.171564465737,0.0,456.85921344198584,456.9440741724962,457.1310062813633,455.7865908874386
3.6000000000000028,7.49618850221,-6.52621121699,22.2535842857,6.2038615244,5.77719138788,0.0,7.08081808677,-4.59162612358,4.06391271646,0.152495409829,-0.189614868372,0.0,482.93575090916266,481.5442210179719,480.90863857481554,482.1937824614866
3.660000000000003,7.92829597139,-6.80356653551,22.4940885719,6.21309685292,5.76575854606,0.0,7.32317147497,-4.65305520559,3.95250615492,0.15662964767,-0.192477579455,0.0,438.55767730971354,438.2838564322403,439.1570687797713,439.52260573708696
3.720000000000003,8.37548911503,-7.08456171513,22.7286371413,6.22231885249,5.75422951499,0.0,7.5835946044,-4.71289925125,3.86517823745,0.147090490091,-0.191505321911,0.0,448.7241776229457,448.7675338344727,448.99989581773355,448.2471073966562
3.780000000000003,8.83865590676,-7.36906776492,22.95830793,6.23084989979,5.74279622175,0.0,7.85554252752,-4.77010349509,3.78977719577,0.129930979402,-0.188721573752,0.0,455.3616272193547,455.5499415243439,454.2150745153635,452.8546467130932
3.840000000000003,9.31824384693,-7.65690887455,23.1834023951,6.23839104534,5.73169887758,0.0,8.13089079126,-4.82414015416,3.71259805856,0.115460111041,-0.178334024442,0.0,455.173521366222,455.97196138230396,456.34573112912295,455.202654308833
3.900000000000003,9.81224388691,-7.9477534102,23.400257913,6.24518695424,5.72176830019,0.0,8.3361303538,-4.87043559319,3.5160653099,0.108472634109,-0.147706616372,0.0,411.16188411037865,413.8379253213545,411.8337796881403,411.2275695516468
3.960000000000003,10.3214787498,-8.24149411162,23.6098823183,6.25214509008,5.71245242013,0.0,8.63818174459,-4.92048896871,3.47049557918,0.127827726,-0.17800347111,0.0,469.1228666098261,466.7413868088542,468.70248457913533,470.21577788243616
4.020000000000002,10.8475641535,-8.53808719601,23.8146534483,6.26081142174,5.70248327392,0.0,8.89807041422,-4.9655036898,3.35474637109,0.165687304467,-0.149329122773,0.0,444.57896466155876,446.8959165694883,443.3002878553092,446.4197912142514
4.080000000000001,11.3886451282,-8.83726355571,24.0114828175,6.2705913149,5.69355693973,0.0,9.13802804465,-5.00654938892,3.20616163926,0.156998846808,-0.147682416375,0.0,433.77424670726447,433.8911845734982,433.82109507523006,433.116690597642
4.14,11.9435420209,-9.13879491958,24.1985004383,6.27986102142,5.68435787113,0.0,9.35865883831,-5.04406734892,3.02788703169,0.148955382179,-0.168016916195,0.0,422.6110905952659,420.8300671945011,422.7852019478936,422.115247274197
4.199999999999998,12.5150709995,-9.44249984844,24.3797538027,0.00530807274768,5.67392095533,0.0,9.69193004096,-5.07880702772,3.01260138716,0.131049295824,-0.18971371062,0.0,484.03520151411664,482.37219916534957,484.332204125435,483.0005110369672
4.259999999999997,13.105316715,-9.74818161559,24.5580977319,0.013003237088,5.66251793779,0.0,9.98276951,-5.11011869246,2.93124893985,0.12198060435,-0.190730995582,0.0,463.0055550274767,462.89192191277596,462.84547285291524,462.1452552905805
4.319999999999996,13.7117680865,-10.0556748277,24.7296837356,0.0199819437667,5.65124524293,0.0,10.2322620994,-5.13928743305,2.78780227696,0.101486971035,-0.182716490832,0.0,439.68780983144245,440.3167844269121,443.48335990749695,441.80821101686735
4.379999999999995,14.3336289034,-10.3648360031,24.8931749626,0.0258338966223,5.63986445096,0.0,10.4962778988,-5.16577371133,2.6612333921,0.0881477741319,-0.209600637679,0.0,450.0313428269385,447.81368483488023,450.1214006304669,449.04818627334913
4.439999999999993,14.9700934594,-10.6755701922,25.0473194924,0.0310992524121,5.62731654442,0.0,10.7192821898,-5.19179893732,2.47656088985,0.0869610527947,-0.208211770031,0.0,427.3958642005835,427.46931130515856,428.37412469486793,428.27986411744746
4.499999999999992,15.6201471003,-10.9878097883,25.1905663076,0.0371322691862,5.61498425269,0.0,10.9491698621,-5.21592121596,2.29792162864,0.119102874428,-0.200673374984,0.0,431.44760941096723,432.04093727523804,429.64375802717996,432.3698557562332
4.559999999999991,16.2850333643,-11.3013845729,25.324332434,0.043809488571,5.60296382974,0.0,11.2134782521,-5.23619667946,2.16022185885,0.0871833200089,-0.199683678002,0.0,449.0138004645469,449.05525668918585,450.58079816620045,448.00224601803166
4.6199999999999894,16.9639666638,-11.6162056547,25.4475211688,0.0490124311565,5.59083678025,0.0,11.4176559258,-5.25760289266,1.94593707045,0.0857643576664,-0.207483126628,0.0,419.6731466566054,418.9524964497175,419.06373291238674,418.9470325163853
4.679999999999988,17.6522154565,-11.9324392549,25.5543002594,0.0541745858531,5.57883517571,0.0,11.5244762712,-5.28331316426,1.61426148775,0.0865731975614,-0.188226208585,0.0,363.43780047335974,365.3144906558493,364.57041662630957,364.65913616826356
4.739999999999987,18.3514061501,-12.249886164,25.6465523827,0.0594987930149,5.56708809716,0.0,11.7815064352,-5.29797678021,1.46016001953,0.0927437906623,-0.21851046264,0.0,444.3697363892505,441.8405198700549,443.50688221015514,444.0201392671817
4.799999999999986,19.0676986566,-12.5680354422,25.7314151051,0.0648602529297,5.5537987202,0.0,12.0942642618,-5.30670624413,1.3671626832,0.0815456313477,-0.22822162639,0.0,470.85588462881077,470.05795959776486,471.20025539319954,470.3395949189595
4.859999999999984,19.8005006357,-12.8868085234,25.8080448434,0.0698231680888,5.53971435539,0.0,12.3321878678,-5.31882635106,1.18641978367,0.0849560993436,-0.252759569332,0.0,438.74191345220703,436.64219764027297,438.10748746189313,438.39673566256334
4.919999999999983,20.5503264782,-13.2060462126,25.8766954775,0.0750248174572,5.52474574769,0.0,12.661211084,-5.32218405739,1.10006772916,0.0899594095888,-0.243620286869,0.0,479.5982153517645,480.2346936707203,479.87147352721183,480.25684286617843
4.979999999999982,21.3198159614,-13.5254259839,25.9398886229,0.0815203305393,5.51036414344,0.0,12.9875460068,-5.32349707394,1.00460038989,0.130880101936,-0.232825426601,0.0,480.8969122794146,481.66154472614875,479.6659822954689,482.77327548068996
5.0399999999999805,22.1042749685,-13.8451841628,25.9925086962,0.0893624573554,5.49670581999,0.0,13.1610554186,-5.33471177225,0.749370445622,0.130344128124,-0.218899500998,0.0,415.3218831950936,416.486491071752,414.85671723274993,414.8266306470111
